newloss: [0.34664392145940676, 0.34664392145940676, 0.34664392145940676, 0.6063570533351901, 0.6731652973123521, 0.7122963375574433, 0.7424801559671355, 0.7675811168360952, 0.786589611474725, 0.8033351900849464, 0.8199066982314441, 0.8355730399665785, 0.8495334911572204, 0.863424314162373, 0.8773499512602702, 0.8887341595878011, 0.900953906141206, 0.914357331847932, 0.9293622058209163, 0.9469781367497563, 0.6518590725525693]

gan: [0.7744046790140648, 0.7744046790140648, 0.7744046790140648, 0.7744046790140648, 0.7744046790140648, 0.7744046790140648, 0.7744046790140648, 0.7747528199415123, 0.7758320568165994, 0.7773986909901128, 0.7816111962122267, 0.7895836234507728, 0.7988093580281298, 0.8067469711739312, 0.8147890265979668, 0.823039966578471, 0.8325790279905305, 0.8436847235761036, 0.8670101657150815, 0.883999442974516, 0.6518590725525693]

mnist: [0.34664392145940676, 0.34664392145940676, 0.34664392145940676, 0.34664392145940676, 0.3466787355521515, 0.34688762010861995, 0.3488372093023256, 0.35350229773012115, 0.36220582091630693, 0.374390753376967, 0.39085781924523044, 0.4147402868681242, 0.4389012672329759, 0.4640370421946804, 0.49805041080629436, 0.5219676925219329, 0.5470338392981479, 0.5763124912964768, 0.6121361927308174, 0.6642180754769531, 0.6518590725525693]



ICDAR:

newloss: [0.4699579931089819, 0.4699579931089819, 0.4699579931089819, 0.9813092934346533, 0.9901826591777977, 0.9934865719545004, 0.9948553358191343, 0.9957049133902866, 0.9966016897153915, 0.9969320809930617, 0.9967904847312031, 0.9966960872232973, 0.9966016897153915, 0.9964600934535328, 0.9961297021758626, 0.995893708406098, 0.9950441308349459, 0.9945249445414641, 0.9933921744465946, 0.9914570255345259, 0.5280124604710436]


gan: [0.9948553358191343, 0.9948553358191343, 0.9948553358191343, 0.9948553358191343, 0.9948553358191343, 0.9948553358191343, 0.9949025345730873, 0.9949025345730873, 0.9948553358191343, 0.9949025345730873, 0.9948553358191343, 0.9947137395572757, 0.9948081370651815, 0.9950441308349459, 0.9949025345730873, 0.9948081370651815, 0.9946665408033228, 0.9944305470335583, 0.9939585594940293, 0.9929673856610185, 0.5280124604710436]


mnist: [0.4699579931089819, 0.4699579931089819, 0.4699579931089819, 0.4699579931089819, 0.47312030962382595, 0.494784537688205, 0.5372162174918582, 0.5904564119507245, 0.643602208901685, 0.6926889130126964, 0.741303629584179, 0.7831689243403974, 0.8180016047576344, 0.8467928446689007, 0.8724217680653231, 0.8955019587482891, 0.9143342615754944, 0.9331665644026997, 0.9514324821824703, 0.969226412422712, 0.5280124604710436]


